     DAYH DCMU  JTT MTRE  WAG RTRE CPRE   VT BLOS MTMA   LG MTAR MTZO  PMB HIVB HIVW JTTD  FLU 
DAYH    0    1   35   43   32   37   44   43   52   62   35   45   39   51   57   87   34   55 
DCMU    1    0   34   43   32   37   43   43   51   62   35   45   39   50   57   87   34   55 
 JTT   35   34    0   28   26   37   27   29   44   52   30   49   38   42   36   63    2   40 
MTRE   43   43   28    0   34   46   30   38   48   38   38   45   35   47   48   70   28   52 
 WAG   32   32   26   34    0   26   25   16   25   64   17   52   42   25   51   73   25   49 
RTRE   37   37   37   46   26    0   37   31   36   71   21   49   42   36   60   85   37   55 
CPRE   44   43   27   30   25   37    0   26   36   57   28   54   43   34   45   66   27   45 
  VT   43   43   29   38   16   31   26    0   17   70   25   60   50   15   53   71   30   52 
BLOS   52   51   44   48   25   36   36   17    0   80   32   68   60   11   65   79   44   62 
MTMA   62   62   52   38   64   71   57   70   80    0   63   57   49   80   59   78   52   64 
  LG   35   35   30   38   17   21   28   25   32   63    0   47   37   33   52   77   29   48 
MTAR   45   45   49   45   52   49   54   60   68   57   47    0   16   66   69  100   48   71 
MTZO   39   39   38   35   42   42   43   50   60   49   37   16    0   58   59   90   38   60 
 PMB   51   50   42   47   25   36   34   15   11   80   33   66   58    0   64   80   42   62 
HIVB   57   57   36   48   51   60   45   53   65   59   52   69   59   64    0   51   36   38 
HIVW   87   87   63   70   73   85   66   71   79   78   77  100   90   80   51    0   63   51 
JTTD   34   34    2   28   25   37   27   30   44   52   29   48   38   42   36   63    0   40 
 FLU   55   55   40   52   49   55   45   52   62   64   48   71   60   62   38   51   40    0 
