     DAYH DCMU  JTT MTRE  WAG RTRE CPRE   VT BLOS MTMA   LG MTAR MTZO  PMB HIVB HIVW JTTD  FLU 
DAYH    0    0    7   10    6    9    8    8    9   23    8   14   11    9   11   15    7   15 
DCMU    0    0    7   10    6    9    8    8    9   23    7   14   11    9   11   15    6   15 
 JTT    7    7    0    9    4    7    7    4    7   22    5   15   11    7    8   11    0   13 
MTRE   10   10    9    0    9   11   10   11   12   17    9   12    9   12   11   14    9   14 
 WAG    6    6    4    9    0    6    6    3    4   24    4   14   11    4   10   13    4   14 
RTRE    9    9    7   11    6    0    9    6    6   23    4   13   10    7   12   15    7   14 
CPRE    8    8    7   10    6    9    0    7    8   23    7   14   11    8   10   12    7   13 
  VT    8    8    4   11    3    6    7    0    3   25    4   16   12    3   11   13    5   15 
BLOS    9    9    7   12    4    6    8    3    0   26    5   16   13    2   13   14    7   16 
MTMA   23   23   22   17   24   23   23   25   26    0   22   19   19   26   21   23   22   20 
  LG    8    7    5    9    4    4    7    4    5   22    0   13   10    5   10   13    5   14 
MTAR   14   14   15   12   14   13   14   16   16   19   13    0    5   16   17   21   14   17 
MTZO   11   11   11    9   11   10   11   12   13   19   10    5    0   13   14   17   11   15 
 PMB    9    9    7   12    4    7    8    3    2   26    5   16   13    0   13   14    7   16 
HIVB   11   11    8   11   10   12   10   11   13   21   10   17   14   13    0    9    8   11 
HIVW   15   15   11   14   13   15   12   13   14   23   13   21   17   14    9    0   11   12 
JTTD    7    6    0    9    4    7    7    5    7   22    5   14   11    7    8   11    0   13 
 FLU   15   15   13   14   14   14   13   15   16   20   14   17   15   16   11   12   13    0 
