     DAYH DCMU  JTT MTRE  WAG RTRE CPRE   VT BLOS MTMA   LG MTAR MTZO  PMB HIVB HIVW JTTD  FLU 
DAYH    0    0    8   11    7   11   83   20   20   18   20   14   11   20   20   20   20   20 
DCMU    0    0    8   11    7   10   83   20   20   18   20   14   11   20   20   20   20   20 
 JTT    8    8    0    8    6    9   84   18   18   15   18   13   10   18   18   18   18   18 
MTRE   11   11    8    0    9   11   83   20   20   12   20   12    9   20   20   20   20   20 
 WAG    7    7    6    9    0    7   85   17   17   18   17   13   11   17   17   16   17   17 
RTRE   11   10    9   11    7    0   85   18   19   18   19   11   10   19   18   18   19   19 
CPRE   83   83   84   83   85   85    0  100  100   81  100   82   82  100  100  100  100  100 
  VT   20   20   18   20   17   18  100    0    0   27    0   23   22    0    0    1    0    0 
BLOS   20   20   18   20   17   19  100    0    0   27    0   24   22    0    0    1    0    0 
MTMA   18   18   15   12   18   18   81   27   27    0   27   16   14   27   27   27   27   27 
  LG   20   20   18   20   17   19  100    0    0   27    0   23   22    0    0    1    0    0 
MTAR   14   14   13   12   13   11   82   23   24   16   23    0    4   24   23   23   24   23 
MTZO   11   11   10    9   11   10   82   22   22   14   22    4    0   22   22   22   22   22 
 PMB   20   20   18   20   17   19  100    0    0   27    0   24   22    0    0    1    0    0 
HIVB   20   20   18   20   17   18  100    0    0   27    0   23   22    0    0    0    0    0 
HIVW   20   20   18   20   16   18  100    1    1   27    1   23   22    1    0    0    1    1 
JTTD   20   20   18   20   17   19  100    0    0   27    0   24   22    0    0    1    0    0 
 FLU   20   20   18   20   17   19  100    0    0   27    0   23   22    0    0    1    0    0 
