	Ala	Arg	Asn	Asp	Cys	Gln	Glu	Gly	His	Ile	Leu	Lys	Met	Phe	Pro	Ser	Thr	Trp	Tyr	Val	
Ala 0000.00 -0000.32 -0000.49 -0000.10 -0004.19 -0000.31 -0000.77 -0001.29 -0000.29 -0000.01 -0000.43 -0000.36 -0002.24 -0000.01 -0000.93 -0004.39 -0002.46 -0000.05 -0000.52 -0001.88 
Arg -0000.32 0000.00 -0000.33 -0000.29 -0000.88 -0002.11 -0000.10 -0000.39 -0000.86 -0000.23 -0000.17 -0005.66 -0000.54 -0000.07 -0000.23 -0000.97 -0000.61 -0000.12 -0000.45 -0000.28 
Asn -0000.49 -0000.33 0000.00 -0003.66 -0001.22 -0002.25 -0000.75 -0000.90 -0003.05 -0000.33 -0000.14 -0001.17 -0000.01 -0000.47 -0000.31 -0002.81 -0001.41 -0000.15 -0000.27 -0000.20 
Asp -0000.10 -0000.29 -0003.66 0000.00 -0000.01 -0000.74 -0005.17 -0000.58 -0000.87 -0000.01 -0000.05 -0000.19 -0000.01 -0000.01 -0000.52 -0001.30 -0000.52 -0000.01 -0000.01 -0000.06 
Cys -0004.19 -0000.88 -0001.22 -0000.01 0000.00 -0000.67 -0000.01 -0000.46 -0001.18 -0000.99 -0001.05 -0000.15 -0001.49 -0000.67 -0000.01 -0000.72 -0001.12 -0000.52 -0001.25 -0002.81 
Gln -0000.31 -0002.11 -0002.25 -0000.74 -0000.67 0000.00 -0003.55 -0000.17 -0003.69 -0000.31 -0000.52 -0002.95 -0001.51 -0000.01 -0000.65 -0002.15 -0001.39 -0000.10 -0000.43 -0000.34 
Glu -0000.77 -0000.10 -0000.75 -0005.17 -0000.01 -0003.55 0000.00 -0000.67 -0000.32 -0000.01 -0000.20 -0001.35 -0000.01 -0000.01 -0000.50 -0000.91 -0000.78 -0000.16 -0000.01 -0000.33 
Gly -0001.29 -0000.39 -0000.90 -0000.58 -0000.46 -0000.17 -0000.67 0000.00 -0000.65 -0000.01 -0000.03 -0000.29 -0000.35 -0000.07 -0000.16 -0001.45 -0000.07 -0000.22 -0000.20 -0000.03 
His -0000.29 -0000.86 -0003.05 -0000.87 -0001.18 -0003.69 -0000.32 -0000.65 0000.00 -0000.32 -0000.49 -0000.73 -0001.11 -0001.35 -0000.42 -0001.75 -0000.47 -0000.46 -0002.93 -0000.01 
Ile -0000.01 -0000.23 -0000.33 -0000.01 -0000.99 -0000.31 -0000.01 -0000.01 -0000.32 0000.00 -0003.67 -0000.32 -0003.58 -0000.61 -0000.10 -0000.04 -0000.69 -0000.37 -0000.25 -0010.00 
Leu -0000.43 -0000.17 -0000.14 -0000.05 -0001.05 -0000.52 -0000.20 -0000.03 -0000.49 -0003.67 0000.00 -0000.22 -0005.54 -0001.71 -0000.21 -0000.23 -0000.24 -0000.45 -0000.61 -0001.07 
Lys -0000.36 -0005.66 -0001.17 -0000.19 -0000.15 -0002.95 -0001.35 -0000.29 -0000.73 -0000.32 -0000.22 0000.00 -0001.28 -0000.13 -0000.41 -0000.73 -0001.05 -0000.06 -0000.01 -0000.18 
Met -0002.24 -0000.54 -0000.01 -0000.01 -0001.49 -0001.51 -0000.01 -0000.35 -0001.11 -0003.58 -0005.54 -0001.28 0000.00 -0002.36 -0000.01 -0000.01 -0001.25 -0001.06 -0000.71 -0002.25 
Phe -0000.01 -0000.07 -0000.47 -0000.01 -0000.67 -0000.01 -0000.01 -0000.07 -0001.35 -0000.61 -0001.71 -0000.13 -0002.36 0000.00 -0000.10 -0000.19 -0000.66 -0001.74 -0009.70 -0000.88 
Pro -0000.93 -0000.23 -0000.31 -0000.52 -0000.01 -0000.65 -0000.50 -0000.16 -0000.42 -0000.10 -0000.21 -0000.41 -0000.01 -0000.10 0000.00 -0001.28 -0000.59 -0000.09 -0000.13 -0000.24 
Ser -0004.39 -0000.97 -0002.81 -0001.30 -0000.72 -0002.15 -0000.91 -0001.45 -0001.75 -0000.04 -0000.23 -0000.73 -0000.01 -0000.19 -0001.28 0000.00 -0006.40 -0000.13 -0000.30 -0000.37 
Thr -0002.46 -0000.61 -0001.41 -0000.52 -0001.12 -0001.39 -0000.78 -0000.07 -0000.47 -0000.69 -0000.24 -0001.05 -0001.25 -0000.66 -0000.59 -0006.40 0000.00 -0000.01 -0000.32 -0001.87 
Trp -0000.05 -0000.12 -0000.15 -0000.01 -0000.52 -0000.10 -0000.16 -0000.22 -0000.46 -0000.37 -0000.45 -0000.06 -0001.06 -0001.74 -0000.09 -0000.13 -0000.01 0000.00 -0001.68 -0000.25 
Tyr -0000.52 -0000.45 -0000.27 -0000.01 -0001.25 -0000.43 -0000.01 -0000.20 -0002.93 -0000.25 -0000.61 -0000.01 -0000.71 -0009.70 -0000.13 -0000.30 -0000.32 -0001.68 0000.00 -0000.56 
Val -0001.88 -0000.28 -0000.20 -0000.06 -0002.81 -0000.34 -0000.33 -0000.03 -0000.01 -0010.00 -0001.07 -0000.18 -0002.25 -0000.88 -0000.24 -0000.37 -0001.87 -0000.25 -0000.56 0000.00 
