-41584.958954
-41680.756063
-41726.414989
-41736.573032
-41744.103073
-41735.795258
-41761.863949
-41752.564550
-41771.469516
-41865.173845
-41867.169701
-41849.113232
-41840.121858
-41814.938622
-41814.938622
-41988.402326
-42005.335366
-42010.803493
-42050.841918
-42059.618272
-42067.707750
-42067.707750
-42103.446635
-42193.051543
-42192.717566
-42194.464722
-42392.777844
-42422.121026
-42431.792693
-42647.497525
-42638.506626
-42635.756711
-42635.624723
-42637.540686
-42614.787162
-42654.064686
-42577.715648
-42455.046881
-42469.336800
-42439.832248
-42456.185679
-42469.594384
-42470.083390
-42470.083390
-42470.083390
-42470.083390
-42264.212359
-42255.636408
-42265.402714
-42278.305982
-42319.621830
-42336.949319
-42202.508401
-42304.073833
-42302.560584
-42234.210660
-42230.154985
-42229.469572
-42331.124204
-42365.479366
-42367.854454
-42350.782151
-42378.003973
-42378.346331
-42378.346331
-42377.379614
-42385.240079
-42383.439671
-42409.621345
-42339.629639
-42312.449369
-42319.701302
-42312.664637
-42306.135987
-42291.912748
-42291.912748
-42291.912748
-42276.022752
-42243.550895
-42055.885727
-42060.957493
-42082.061321
-42082.379001
-42082.379001
-42082.379001
-42079.969003
-42081.536429
-42080.877730
-42082.906829
-42096.920924
-42103.731688
-42081.864904
-42066.345881
-42034.517106
-42039.570952
-42038.289422
-42041.901254
-42116.572341
-42166.123776
-42165.656234
-42239.299552
-42239.299552
-42239.299552
-42232.197113
-42255.005475
-42240.509077
-42246.535689
-42106.612330
-42146.222338
-42210.483160
-42228.336855
-42296.211056
-42303.019372
-42310.053791
-42292.406696
-42205.954992
-42109.087378
-42083.038630
-42081.465294
-42082.911694
-42191.243141
-42118.405467
-42054.395602
-42153.391119
-42153.391119
-42156.434332
-42150.619700
-42135.561674
-42152.369755
-42140.422406
-42140.422406
-42140.726570
-42144.829095
-42154.960802
-42146.972791
-42151.720747
-42122.275618
-42121.885556
-42123.827534
-42199.053849
-42209.122074
-42254.126210
-42254.765256
-42269.031464
-42269.031464
-42203.607764
-42255.631319
-42255.631319
-42214.160676
-42214.680817
-42214.680817
-42252.117445
-42242.337262
-42207.165293
-42207.165293
-42200.090518
-42227.704450
-42227.631492
-42150.551714
-42171.812168
-42164.836292
-42131.725913
-42131.725913
-42115.617140
-42115.617140
-42272.732683
-42247.441477
-42272.172117
-42240.806973
-42452.170038
-42415.836694
-42355.043978
-42355.043978
-42342.854265
-42350.842458
-42315.799490
-42280.303578
-42122.057485
-42122.057485
-42074.867752
-42069.243294
-42051.346494
-42051.346494
-42058.619437
-42095.951183
-42146.176515
-42197.631919
-42197.631919
-42191.183190
-42191.183190
-42191.183190
-42216.050297
-42213.126618
-41994.624738
-41985.390565
-41985.419147
-41982.913667
-41929.507095
-41967.209713
-41984.200660
-41965.611117
-41967.305334
-41932.392133
-41932.573202
-41932.573202
-41932.573202
-41932.573202
-41901.874525
-41894.861605
-41898.829849
-41898.829849
-41856.589273
-41843.162808
-41933.985085
-41939.807316
-41931.447901
-41881.508954
-41887.008095
-41887.008095
-41874.390959
-41874.390959
-41859.546328
-41866.477139
-41872.363490
-41874.230099
-41874.230099
-41873.195845
-41911.906173
-41901.647860
-41916.290655
-41916.472574
-41756.532599
-41756.532599
-41756.532599
-41753.162165
-41753.162165
-41753.162165
-41749.683876
-41737.363758
-41733.249502
-41733.249502
-41735.272409
-41753.766031
-41763.861184
-41774.125292
-41762.575740
-41762.575740
-41762.575740
-41762.575740
-41754.409419
-41754.409419
-41754.409419
-41747.695190
-41747.695190
-41749.970798
-41758.581407
-41840.579414
-41810.762318
-41820.803072
-41820.803072
-41820.803072
-41841.750458
-41841.750458
-41867.269969
-41867.269969
-41867.269969
-41868.577922
-41868.577922
-41868.577922
-41890.325682
-41890.325682
-41890.325682
-41892.302551
-41892.302551
-41887.831270
-41887.831270
-41887.831270
-41887.831270
-41887.831270
-41892.229130
-41892.229130
-41892.229130
-41892.229130
-41890.087783
-41890.087783
-41884.926837
-41884.926837
-41884.926837
-41884.539601
-41884.539601
-41884.539601
-41870.197845
-41870.197845
-41849.738152
-41834.919426
-41834.919426
-41824.397112
-41815.543518
-41815.543518
-41793.873029

