-42024.282845
-42129.898225
-42149.141676
-42156.604582
-42157.662190
-42189.106146
-42239.197389
-42242.219193
-42269.799958
-42276.304559
-42294.181962
-42430.650299
-42470.004369
-42585.899735
-42610.677228
-41965.964531
-41994.212752
-41997.155784
-42002.349041
-42034.980530
-42058.798886
-42097.717277
-42103.793684
-42130.548339
-42135.952030
-42137.449834
-42156.698027
-42164.413411
-42169.490877
-42360.181054
-41955.014121
-41963.553755
-41977.253491
-41983.396430
-41993.787954
-41997.534366
-42007.319739
-42016.745201
-42016.842561
-42031.501988
-42031.815145
-42059.246941
-42060.411709
-42064.674216
-42087.491797
-41868.845172
-41925.871897
-41928.364520
-41959.758583
-41966.433809
-41967.298769
-41970.127558
-41970.264727
-41974.729772
-41988.311388
-41990.553961
-42001.464389
-42008.078923
-42098.635140
-42108.837601
-41837.261310
-41868.721294
-41876.102745
-41897.242571
-41913.088814
-41913.843223
-41921.784714
-41946.298672
-41948.294354
-41960.172190
-41981.985963
-42000.064103
-42023.534411
-42051.834193
-42065.087003
-41798.767820
-41820.672248
-41831.212155
-41834.903548
-41840.464877
-41871.050650
-41871.494502
-41872.769292
-41875.716985
-41877.314046
-41881.674032
-41952.061764
-42012.702199
-42152.243153
-42182.448674
-41795.697856
-41802.727943
-41816.030500
-41822.656540
-41830.966606
-41832.406209
-41834.760988
-41836.320641
-41853.231649
-41857.681233
-41887.409894
-41889.910411
-41891.137425
-41893.440810
-41897.168475
-41788.316187
-41790.538851
-41793.807618
-41794.588655
-41795.668328
-41804.731753
-41804.993692
-41813.643941
-41814.538791
-41819.453964
-41822.977703
-41830.446397
-41835.700351
-41858.428038
-41899.252222
-41764.923693
-41772.368631
-41777.157719
-41787.102408
-41792.429782
-41792.766849
-41797.126983
-41811.540772
-41818.934389
-41819.675935
-41824.157722
-41826.291317
-41832.183683
-41846.138569
-41886.150544
-41743.398058
-41762.345307
-41762.670143
-41765.685852
-41769.242557
-41771.083788
-41787.033461
-41805.245735
-41805.650623
-41817.864254
-41825.863739
-41855.881051
-41856.326512
-41866.296972
-41967.213049
-41732.928302
-41739.408046
-41740.971387
-41749.701094
-41751.277778
-41751.588617
-41754.699275
-41755.051549
-41761.797378
-41764.469409
-41780.874271
-41783.222427
-41791.745665
-41801.805283
-42199.834546
-41718.684786
-41730.588178
-41732.443805
-41734.943729
-41738.167935
-41739.111227
-41744.675586
-41753.287157
-41771.727477
-41774.993503
-41825.105689
-41859.648563
-41868.760170
-41878.453797
-41973.684793
-41719.255559
-41723.792151
-41726.057006
-41732.224545
-41735.189982
-41738.630808
-41738.764624
-41740.757456
-41743.598230
-41785.626482
-41837.429279
-41837.694966
-41864.227683
-41998.198876
-42012.066357
-41715.982284
-41720.681600
-41723.256780
-41724.227891
-41727.680246
-41727.957273
-41731.535269
-41738.810904
-41740.082304
-41745.410894
-41758.819717
-41770.461163
-41774.104408
-41790.418492
-42003.105928
-41700.757819
-41711.781412
-41714.678969
-41715.001423
-41722.181734
-41723.548566
-41736.372282
-41736.670070
-41741.630199
-41745.392021
-41757.531103
-41779.637108
-41798.626415
-41802.508591
-41861.298808
-41686.660546
-41691.010287
-41707.411225
-41712.877763
-41717.210625
-41717.661675
-41722.666005
-41725.453987
-41735.449535
-41749.190020
-41756.373665
-41761.050417
-41797.640543
-41800.049256
-41824.279780
-41643.764488
-41667.818880
-41684.743641
-41693.627703
-41703.664815
-41705.074554
-41705.439482
-41719.218309
-41720.114971
-41732.554043
-41804.221093
-41895.355166
-41915.913111
-41941.599136
-42161.225854
-41662.897107
-41672.478031
-41677.637241
-41678.416773
-41681.229275
-41681.329763
-41694.958829
-41698.282134
-41750.096444
-41755.052199
-41757.593908
-41761.390517
-41825.938366
-41873.795553
-42044.583278
-41656.978383
-41661.153335
-41661.661422
-41665.779565
-41675.355269
-41686.230942
-41702.475865
-41708.902117
-41713.635236
-41718.582354
-41724.028026
-41731.073026
-41751.355593
-41819.893357
-41978.724081
-41648.412241
-41663.363615
-41665.062524
-41668.619777
-41670.188460
-41675.963784
-41677.811265
-41684.419460
-41686.874789
-41694.130414
-41695.370298
-41702.045741
-41714.809109
-41874.426435
-42138.484114

