-11018.659512
-11018.659512
-11024.576676
-11024.576676
-11024.576676
-11070.316626
-11067.974859
-11055.686978
-11070.436735
-11068.330663
-11068.330663
-11059.336195
-11059.336195
-11059.336195
-11059.336195
-11059.336195
-11059.336195
-11037.684208
-11037.684208
-11037.684208
-11056.815114
-11056.815114
-11044.414027
-11044.414027
-11053.846869
-11053.846869
-11053.846869
-11053.846869
-11069.623365
-11069.623365
-11069.623365
-11069.623365
-11069.623365
-11069.623365
-11069.623365
-11106.248432
-11106.248432
-11082.382522
-11082.615325
-11097.540450
-11123.764816
-11123.764816
-11123.764816
-11123.764816
-11097.486590
-11067.801189
-11067.801189
-11067.801189
-11060.144793
-11060.144793

