     DAYH DCMU  JTT MTRE  WAG RTRE CPRE   VT BLOS MTMA   LG MTAR MTZO  PMB HIVB HIVW JTTD  FLU 
DAYH    0    0    6    8    6    7    8    8    9   11    6    8    7    9   10   16    6   10 
DCMU    0    0    6    8    6    7    8    8    9   11    6    8    7    9   10   16    6   10 
 JTT    6    6    0    5    5    7    5    5    8    9    5    9    7    8    6   11    0    7 
MTRE    8    8    5    0    6    8    5    7    9    7    7    8    6    8    9   13    5    9 
 WAG    6    6    5    6    0    5    4    3    4   11    3    9    8    4    9   13    5    9 
RTRE    7    7    7    8    5    0    7    6    6   13    4    9    8    6   11   15    7   10 
CPRE    8    8    5    5    4    7    0    5    6   10    5   10    8    6    8   12    5    8 
  VT    8    8    5    7    3    6    5    0    3   12    5   11    9    3   10   13    5    9 
BLOS    9    9    8    9    4    6    6    3    0   14    6   12   11    2   12   14    8   11 
MTMA   11   11    9    7   11   13   10   12   14    0   11   10    9   14   11   14    9   11 
  LG    6    6    5    7    3    4    5    5    6   11    0    8    7    6    9   14    5    9 
MTAR    8    8    9    8    9    9   10   11   12   10    8    0    3   12   12   18    9   13 
MTZO    7    7    7    6    8    8    8    9   11    9    7    3    0   10   11   16    7   11 
 PMB    9    9    8    8    4    6    6    3    2   14    6   12   10    0   12   14    8   11 
HIVB   10   10    6    9    9   11    8   10   12   11    9   12   11   12    0    9    6    7 
HIVW   16   16   11   13   13   15   12   13   14   14   14   18   16   14    9    0   11    9 
JTTD    6    6    0    5    5    7    5    5    8    9    5    9    7    8    6   11    0    7 
 FLU   10   10    7    9    9   10    8    9   11   11    9   13   11   11    7    9    7    0 
