     DAYH DCMU  JTT MTRE  WAG RTRE CPRE   VT BLOS MTMA   LG MTAR MTZO  PMB HIVB HIVW JTTD  FLU 
DAYH    0    0   10   12   11   13   14   12   15   16   11   14   12   14   17   19   10   15 
DCMU    0    0   10   12   11   13   14   12   15   16   11   14   12   14   17   19   10   15 
 JTT   10   10    0   10    9   12   12    8   14   15    9   15   13   13   11   14    1   12 
MTRE   12   12   10    0   13   13   14   12   16   10   11   11   10   15   15   16   10   13 
 WAG   11   11    9   13    0   11   11    5    9   19    8   17   16    9   16   19    9   16 
RTRE   13   13   12   13   11    0   15   10   10   16    7   12   12   10   18   20   12   14 
CPRE   14   14   12   14   11   15    0   11   14   19   12   17   16   13   15   18   11   15 
  VT   12   12    8   12    5   10   11    0    7   18    7   16   15    7   15   18    8   15 
BLOS   15   15   14   16    9   10   14    7    0   19    9   17   16    5   19   21   14   17 
MTMA   16   16   15   10   19   16   19   18   19    0   14   10    9   19   18   15   15   13 
  LG   11   11    9   11    8    7   12    7    9   14    0   12   11    9   15   17    9   13 
MTAR   14   14   15   11   17   12   17   16   17   10   12    0    3   15   21   19   15   13 
MTZO   12   12   13   10   16   12   16   15   16    9   11    3    0   15   19   18   13   12 
 PMB   14   14   13   15    9   10   13    7    5   19    9   15   15    0   19   21   13   16 
HIVB   17   17   11   15   16   18   15   15   19   18   15   21   19   19    0   14   11   14 
HIVW   19   19   14   16   19   20   18   18   21   15   17   19   18   21   14    0   14   11 
JTTD   10   10    1   10    9   12   11    8   14   15    9   15   13   13   11   14    0   12 
 FLU   15   15   12   13   16   14   15   15   17   13   13   13   12   16   14   11   12    0 
